3,2
3,1
3,3
10,69
10,165
10,27
10,93
10,173
10,269
10,2
10,3
9,7
9,1
9,5
9,2
9,3
8,15
8,9
8,13
8,7
8,11
8,10
8,2
8,3
47,3
47,1
46,3
46,2
46,1
45,3
45,1
44,3
44,1
42,3
42,1
39,3
39,1
37,3
37,1
35,3
35,1
33,3
33,1
28,3
28,1
25,3
25,1
21,3
21,2
21,1
21,0
20,3
20,2
20,1
19,2
19,3
19,1
17,3
17,2
17,1
16,3
16,2
16,1
15,3
15,2
15,1
14,2
13,2
12,3
12,2
12,1
11,29
11,27
11,25
11,23
11,21
11,19
11,17
11,15
11,13
11,11
11,9
11,7
11,5
11,3
11,2
11,1
10,311
10,307
10,293
10,281
10,267
10,263
10,257
10,241
10,239
10,233
10,225
10,203
10,193
10,191
10,189
10,159
10,145
10,135
10,133
10,131
10,129
10,123
10,121
10,99
10,97
10,77
10,35
